9 28,3 29,2 
1 29,2 30,3 
26 34,2 
10 29,2 30,3 
14 31,3 
21 34,1 35,2 
23 35,1 36,2 
8 28,2 
11 29,3 30,2 31,4 
17 31,2 32,1 
18 31,3 32,1 
6 28,1 
7 28,1 29,3 
0 30,3 31,2 32,1 
4 28,2 29,3 
13 30,5 31,4 
30 31,2 29,2 2,2 1,3 10,3 11,2 13,5 0,3 3,4 12,3 
28 29,2 27,3 9,3 8,2 6,1 7,1 4,2 3,3 5,2 
5 28,2 
12 30,3 31,4 
19 32,2 33,1 
25 35,1 
3 28,3 29,2 30,4 
34 35,2 33,1 20,1 26,2 21,1 
36 35,2 24,1 23,2 
16 31,1 32,2 
29 30,2 2,2 9,2 1,2 10,2 11,3 7,3 4,3 3,2 28,2 
32 33,2 16,2 31,2 17,1 18,1 0,1 19,2 
31 32,2 16,1 15,2 14,3 17,2 11,4 13,4 18,3 0,2 30,2 12,4 
33 34,1 32,2 20,1 19,1 
27 28,3 
2 29,2 30,2 
20 33,1 34,1 
35 36,2 34,2 22,1 24,3 21,2 23,1 25,1 
22 35,1 
15 31,2 
24 35,3 36,1 
